MCC: 0.2624273795693716
AUC: 0.6573226544622426
Acc: 63.114754098360656
weka.classifiers.bayes.NaiveBayes 

MCC: 0.21865438880952864
AUC: 0.669908466819222
Acc: 62.295081967213115
weka.classifiers.bayes.NaiveBayes -K

MCC: 0.1905964092550709
AUC: 0.6457379862700229
Acc: 61.47540983606557
weka.classifiers.bayes.NaiveBayes -D

