MCC: 0.44299640491213155
AUC: 0.7635869565217391
Acc: 74.69135802469135
weka.classifiers.bayes.NaiveBayes -D

MCC: 0.3958302485633828
AUC: 0.7668665667166417
Acc: 72.8395061728395
weka.classifiers.bayes.NaiveBayes -K

MCC: 0.3772732199067019
AUC: 0.7599325337331334
Acc: 71.60493827160494
weka.classifiers.bayes.NaiveBayes 

