MCC: 0.3376023657778358
AUC: 0.765173903159809
Acc: 68.38235294117646
weka.classifiers.bayes.NaiveBayes -K

MCC: 0.31696486955602554
AUC: 0.7447147078881564
Acc: 66.91176470588235
weka.classifiers.bayes.NaiveBayes 

MCC: 0.2864683324182934
AUC: 0.7075471698113207
Acc: 63.970588235294116
weka.classifiers.bayes.NaiveBayes -D

