MCC: 0.5589690206411349
AUC: 0.8746478873239436
Acc: 88.27160493827161
weka.classifiers.bayes.NaiveBayes -K

MCC: 0.537076069309881
AUC: 0.8697183098591549
Acc: 88.27160493827161
weka.classifiers.bayes.NaiveBayes -D

MCC: 0.3943274175279589
AUC: 0.8359154929577465
Acc: 80.24691358024691
weka.classifiers.bayes.NaiveBayes 

