name,idx,first,final,count,mutations,density,reldens,pdensity,preldens
N,0,1,126,126,35,0.2777777777777778,-0.02480158730158727,27.77777777777778,-2.4801587301587267
D1 S1,1,127,150,24,7,0.2916666666666667,-0.010912698412698374,29.166666666666668,-1.0912698412698374
D1 L12,2,151,158,8,0,0.0,0,0.0,0
D1 S2,3,159,178,20,4,0.2,-0.10257936507936505,20.0,-10.257936507936504
D1 L23,4,179,191,13,5,0.38461538461538464,0.08203601953601958,38.46153846153847,8.203601953601957
D1 S3,5,192,210,19,1,0.05263157894736842,-0.24994778613199664,5.263157894736842,-24.994778613199664
D1 L34,6,211,216,6,3,0.5,0.19742063492063494,50.0,19.742063492063494
D1 S4,7,217,236,20,14,0.7,0.3974206349206349,70.0,39.74206349206349
D1 L45,8,237,252,16,4,0.25,-0.05257936507936506,25.0,-5.257936507936506
D1 S5,9,253,276,24,4,0.16666666666666666,-0.1359126984126984,16.666666666666664,-13.59126984126984
D1 L56,10,277,389,113,38,0.336283185840708,0.03370382076134293,33.6283185840708,3.370382076134293
D1 S6,11,390,415,26,14,0.5384615384615384,0.23588217338217338,53.84615384615385,23.588217338217337
L12,12,416,711,296,80,0.2702702702702703,-0.032309094809094774,27.027027027027028,-3.230909480909477
D2 S1,13,712,736,25,6,0.24,-0.06257936507936507,24.0,-6.257936507936507
D2 L12,14,737,747,11,1,0.09090909090909091,-0.21167027417027415,9.090909090909092,-21.167027417027416
D2 S2,15,748,771,24,4,0.16666666666666666,-0.1359126984126984,16.666666666666664,-13.59126984126984
D2 L23,16,772,779,8,3,0.375,0.07242063492063494,37.5,7.242063492063494
D2 S3,17,780,799,20,2,0.1,-0.20257936507936505,10.0,-20.257936507936506
D2 L34,18,800,805,6,1,0.16666666666666666,-0.1359126984126984,16.666666666666664,-13.59126984126984
D2 S4,19,806,825,20,11,0.55,0.24742063492063499,55.00000000000001,24.742063492063497
D2 L45,20,826,841,16,3,0.1875,-0.11507936507936506,18.75,-11.507936507936506
D2 S5,21,842,862,21,6,0.2857142857142857,-0.01686507936507936,28.57142857142857,-1.686507936507936
D2 L56,22,863,913,51,14,0.27450980392156865,-0.028069561157796408,27.450980392156865,-2.8069561157796405
D2 S6,23,914,939,26,14,0.5384615384615384,0.23588217338217338,53.84615384615385,23.588217338217337
L23,24,940,1200,261,50,0.19157088122605365,-0.11100848385331141,19.157088122605366,-11.10084838533114
D3 S1,25,1201,1224,24,4,0.16666666666666666,-0.1359126984126984,16.666666666666664,-13.59126984126984
D3 L12,26,1225,1237,13,6,0.46153846153846156,0.1589590964590965,46.15384615384615,15.89590964590965
D3 S2,27,1238,1263,26,8,0.3076923076923077,0.00511294261294265,30.76923076923077,0.511294261294265
D3 L23,28,1264,1269,6,1,0.16666666666666666,-0.1359126984126984,16.666666666666664,-13.59126984126984
D3 S3,29,1270,1291,22,8,0.36363636363636365,0.06105699855699859,36.36363636363637,6.105699855699859
D3 L34,30,1292,1295,4,2,0.5,0.19742063492063494,50.0,19.742063492063494
D3 S4,31,1296,1317,22,10,0.45454545454545453,0.15196608946608947,45.45454545454545,15.196608946608947
D3 L45,32,1318,1336,19,12,0.631578947368421,0.32899958228905596,63.1578947368421,32.8999582289056
D3 S5,33,1337,1359,23,12,0.5217391304347826,0.21915976535541754,52.17391304347826,21.915976535541752
D3 L56,34,1360,1443,84,27,0.32142857142857145,0.018849206349206393,32.142857142857146,1.8849206349206393
D3 S6,35,1444,1470,27,7,0.25925925925925924,-0.043320105820105814,25.925925925925924,-4.332010582010581
L34,36,1471,1523,53,35,0.660377358490566,0.35779799341120094,66.0377358490566,35.779799341120096
D4 S1,37,1524,1547,24,3,0.125,-0.17757936507936506,12.5,-17.757936507936506
D4 L12,38,1548,1558,11,2,0.18181818181818182,-0.12076118326118324,18.181818181818183,-12.076118326118323
D4 S2,39,1559,1582,24,6,0.25,-0.05257936507936506,25.0,-5.257936507936506
D4 L23,40,1583,1588,6,2,0.3333333333333333,0.030753968253968256,33.33333333333333,3.0753968253968256
D4 S3,41,1589,1612,24,9,0.375,0.07242063492063494,37.5,7.242063492063494
D4 L34,42,1613,1622,10,5,0.5,0.19742063492063494,50.0,19.742063492063494
D4 S4,43,1623,1644,22,13,0.5909090909090909,0.2883297258297259,59.09090909090909,28.832972582972587
D4 L45,44,1645,1659,15,6,0.4,0.09742063492063496,40.0,9.742063492063496
D4 S5,45,1660,1682,23,6,0.2608695652173913,-0.04170979986197376,26.08695652173913,-4.170979986197376
D4 L56,46,1683,1747,65,20,0.3076923076923077,0.00511294261294265,30.76923076923077,0.511294261294265
D4 S6,47,1748,1772,25,19,0.76,0.45742063492063495,76.0,45.742063492063494
C,48,1773,2016,244,63,0.2581967213114754,-0.04438264376788964,25.81967213114754,-4.438264376788964
