id, x, y, angle,length,label
1,-1,-2,-90,0,N-terminal (1-126)
57,-1,-16,-87,56,N-terminal (1-126)
63,0,-16,87,6,N-terminal (1-126)
119,0,-2,90,56,N-terminal (1-126)
127,0,0,90,8,D1 S1 (127-150)
150,0,5,90,23,D1 S1 (127-150)
152,0,5.5,95,2,Linker
157,1,5.5,-95,5,Linker
159,1,5,-90,2,D1 S2 (159-178)
178,1,0,-90,19,D1 S2 (159-178)
182,1,-1,-95,4,Linker
188,2,-1,95,6,Linker
192,2,0,90,4,D1 S3 (192-210)
210,2,5,90,18,D1 S3 (192-210)
217,3,5,-90,7,D1 S4 (217-236)
236,3,0,-90,19,D1 S4 (217-236)
241,3,-1.25,-95,5,Linker
248,4,-1.25,95,7,Linker
253,4,0,90,5,D1 S5 (253-276)
276,4,5,90,23,D1 S5 (253-276)
294,4,9.5,95,18,Linker s5-s6
300,5,9.5,-95,6,Linker s5-s6
318,5,5,-90,18,Linker s5-s6
330,5,2,-90,12,Linker s5-s6
336,6,2,90,6,Linker s5-s6
348,6,5,90,12,Linker s5-s6
366,6,9.5,95,18,Linker s5-s6
372,7,9.5,-95,6,Linker s5-s6
390,7,5,-90,18,D1 S6 (390-415)
415,7,0,-90,25,D1 S6 (390-415)
423,7,-2,-93,8,Domain linker
488,7,-18.25,-87,65,Domain linker
495,8,-18.25,91,7,Domain linker
560,8,-2,87,65,Domain linker
567,9,-2,-87,7,Domain linker
632,9,-18.25,-91,65,Domain linker
639,10,-18.25,87,7,Domain linker
704,10,-2,93,65,Domain linker
712,10,0,90,8,D2 S1 (712-736)
736,10,5,90,24,D2 S1 (712-736)
739,10,5.75,95,3,Linker
745,11,5.75,-95,6,Linker
748,11,5,-90,3,D2 S2 (748-771)
771,11,0,-90,23,D2 S2 (748-771)
772,11,-0.25,-95,1,Linker
779,12,-0.25,95,7,Linker
780,12,0,90,1,D2 S3 (780-799)
799,12,5,90,19,D2 S3 (780-799)
806,13,5,-90,7,D2 S4 (806-825)
825,13,0,-90,19,D2 S4 (806-825)
830,13,-1.25,-95,5,Linker
837,14,-1.25,95,7,Linker
842,14,0,90,5,D2 S5 (842-862)
862,14,5,90,20,D2 S5 (842-862)
865,14,5.75,95,3,Linker s5-s6
871,15,5.75,-95,6,Linker s5-s6
874,15,5,-90,3,Linker s5-s6
885,15,2,-90,11,Linker s5-s6
891,16,2,90,6,Linker s5-s6
902,16,5,90,11,Linker s5-s6
905,16,5.75,95,3,Linker s5-s6
911,17,5.75,-95,6,Linker s5-s6
914,17,5,-90,3,D2 S6 (914-939)
939,17,0,-90,25,D2 S6 (914-939)
947,17,-2,-93,8,Domain linker
1003,17,-16.25,-87,56,Domain linker
1010,18,-16.25,91,7,Domain linker
1066,18,-2,87,56,Domain linker
1073,19,-2,-87,7,Domain linker
1130,19,-16.25,-91,56,Domain linker
1137,20,-16.25,87,7,Domain linker
1193,20,-2,93,56,Domain linker
1201,20,0,90,8,D3 S1 (1201-1224)
1224,20,5,90,23,D3 S1 (1201-1224)
1228,20,6,95,4,Linker
1234,21,6,-95,6,Linker
1238,21,5,-90,4,D3 S2 (1238-1263)
1263,21,0,-90,25,D3 S2 (1238-1263)
1270,22,0,90,7,D3 S3 (1270-1291)
1291,22,5,90,21,D3 S3 (1270-1291)
1296,23,5,-90,5,D3 S4 (1296-1317)
1317,23,0,-90,21,D3 S4 (1296-1317)
1324,23,-1.75,-95,7,Linker
1330,24,-1.75,95,6,Linker
1337,24,0,90,7,D3 S5 (1337-1359)
1359,24,5,90,22,D3 S5 (1337-1359)
1369,24,7.5,95,10,Linker s5-s6
1376,25,7.5,-95,7,Linker s5-s6
1386,25,5,-90,10,Linker s5-s6
1398,25,2,-90,12,Linker s5-s6
1405,26,2,90,7,Linker s5-s6
1417,26,5,90,12,Linker s5-s6
1427,26,7.5,95,10,Linker s5-s6
1434,27,7.5,-95,7,Linker s5-s6
1444,27,5,-90,10,D3 S6 (1444-1470)
1470,27,0,-90,26,D3 S6 (1444-1470)
1478,27,-2,-93,8,Domain linker
1483,27,-3.25,-87,5,Domain linker
1489,28,-3.25,91,6,Domain linker
1494,28,-2,87,5,Domain linker
1500,29,-2,-87,6,Domain linker
1505,29,-3.25,-91,5,Domain linker
1511,30,-3.25,87,6,Domain linker
1516,30,-2,93,5,Domain linker
1524,30,0,90,8,D4 S1 (1524-1547)
1547,30,5,90,23,D4 S1 (1524-1547)
1550,30,5.75,95,3,Linker
1556,31,5.75,-95,6,Linker
1559,31,5,-90,3,D4 S2 (1559-1582)
1582,31,0,-90,23,D4 S2 (1559-1582)
1589,32,0,90,7,D4 S3 (1589-1612)
1612,32,5,90,23,D4 S3 (1589-1612)
1614,32,5.5,95,2,Linker
1621,33,5.5,-95,7,Linker
1623,33,5,-90,2,D4 S4 (1623-1644)
1644,33,0,-90,21,D4 S4 (1623-1644)
1649,33,-1.25,-95,5,Linker
1655,34,-1.25,95,6,Linker
1660,34,0,90,5,D4 S5 (1660-1682)
1682,34,5,90,22,D4 S5 (1660-1682)
1688,34,6.5,95,6,Linker s5-s6
1694,35,6.5,-95,6,Linker s5-s6
1700,35,5,-90,6,Linker s5-s6
1712,35,2,-90,12,Linker s5-s6
1718,36,2,90,6,Linker s5-s6
1730,36,5,90,12,Linker s5-s6
1736,36,6.5,95,6,Linker s5-s6
1742,37,6.5,-95,6,Linker s5-s6
1748,37,5,-90,6,D4 S6 (1748-1772)
1772,37,0,-90,24,D4 S6 (1748-1772)
1780,37,-2,-93,8,C-terminal (1773-2016)
1836,37,-16,-87,56,C-terminal (1773-2016)
1842,38,-16,91,6,C-terminal (1773-2016)
1898,38,-2,87,56,C-terminal (1773-2016)
1904,39,-2,-87,6,C-terminal (1773-2016)
1960,39,-16,-91,56,C-terminal (1773-2016)
1966,40,-16,87,6,C-terminal (1773-2016)
2016,40,-3.5,90,50,C-terminal (1773-2016)
