xaxis,xlabel,zero,act,inact,late
1,A,0.04166666666666494,0.16666666666665975,0.666666666666639,0.1249999999999948
2,R,0.1834862385321084,0.2752293577981626,0.42201834862384935,0.11926605504587047
3,N,0.07999999999999681,0.2799999999999888,0.3599999999999856,0.2799999999999888
4,D,0.08695652173912666,0.21739130434781664,0.47826086956519664,0.21739130434781664
5,C,0.1176470588235225,0.17647058823528375,0.5294117647058513,0.17647058823528375
6,E,0.07692307692307397,0.38461538461536987,0.4615384615384438,0.07692307692307397
7,Q,0.0,0.38235294117645935,0.47058823529410376,0.14705882352940744
8,G,0.23529411764705188,0.23529411764705188,0.47058823529410376,0.05882352941176297
9,H,0.14634146341463056,0.24390243902438427,0.46341463414633016,0.14634146341463056
10,I,0.15999999999999362,0.3599999999999856,0.39999999999998403,0.07999999999999681
11,L,0.07894736842105055,0.26315789473683515,0.44736842105261976,0.21052631578946812
12,K,0.05714285714285551,0.4285714285714163,0.39999999999998853,0.11428571428571102
13,M,0.0,0.2499999999999896,0.4583333333333143,0.29166666666665453
14,F,0.0,0.30434782608694333,0.4347826086956333,0.26086956521738
15,P,0.04166666666666494,0.29166666666665453,0.4583333333333143,0.20833333333332466
16,S,0.02564102564102498,0.25641025641024984,0.4615384615384497,0.25641025641024984
17,T,0.03124999999999902,0.3749999999999883,0.49999999999998435,0.09374999999999707
18,W,0.18181818181816528,0.27272727272724795,0.5454545454544959,0.0
19,Y,0.0,0.14285714285713266,0.5714285714285307,0.2857142857142653
20,V,0.09999999999999667,0.29999999999999,0.4333333333333189,0.16666666666666113
